"V1" "V2" "V3" "V4" "V5" "V6" "V7" "V8" "V9" "V10" "V11" "V12" "V13" "V14"
"1" -0.00105827607646499 -0.00262670502622366 0.000503192218444926 -1.76724869143978 1.33020897079777e+23 1.25153957638205e+21 4675746801427731456 8676887342702765 7689110688180.04 1227491763.40339 -3271221.82588278 -2698.3702613206 -20.0579045379359 -23.2131689387705
"2" -0.000416623733097851 -0.00369403227624169 0.00301460084717684 -0.311107804389564 1.6523890868209e+21 3097935098309474304 -29671253063302004 -43271493020565.8 115973260843.362 122738615.371913 -84419.5438739253 -1325.71522090932 -34.1597244689103 -26.8651512914976
"3" -0.00140920052348526 -0.00345510745308392 0.000655003713227686 -1.79461598799507 2.49291371148983e+22 2.98164035231928e+20 1403754175017465344 3242828553364311 3481607191062.1 412537817.585447 -2746128.08653702 -2757.39294056597 -26.7829381561635 -23.4173951228826
"4" -0.00140920052348526 -0.00345510745308392 0.000655003713227686 -1.79461598799507 2.49291371148983e+22 2.98164035231928e+20 1403754175017465344 3242828553364311 3481607191062.1 412537817.585447 -2746128.08653702 -2757.39294056597 -26.7829381561635 -23.4173951228826
"5" -0.00247581759935866 -0.00484837409940681 -5.26228890985915e-05 -2.86799455346013 -1.13590905800749e+22 -2.46055680884659e+20 -2256940194749728512 -11416120825165640 -34634782623459.6 -63798978090.7525 -67758782.4495555 -34658.8265122517 -34.4902359586276 -23.6228498137209
"6" -0.00105827607646499 -0.00262670502622366 0.000503192218444926 -1.76724869143978 1.33020897079777e+23 1.25153957638205e+21 4675746801427731456 8676887342702765 7689110688180.04 1227491763.40339 -3271221.82588278 -2698.3702613206 -20.0579045379359 -23.2131689387705
"7" 0.0188932978858832 0.0139451058085078 0.0235865519678631 22.6261993279563 -287737242472659 117090070161148 -20160160271099.4 1912612915179.34 -108738940678.019 3749666380.78213 -74298867.4632087 676249.967517591 79.6924188611706 -82.7200198178283
"8" -0.00105827607646499 -0.00262670502622366 0.000503192218444926 -1.76724869143978 1.33020897079777e+23 1.25153957638205e+21 4675746801427731456 8676887342702765 7689110688180.04 1227491763.40339 -3271221.82588278 -2698.3702613206 -20.0579045379359 -23.2131689387705
"9" -0.00208374365459805 -0.00545381127037126 0.00152093668551191 -1.54847781283744 1.18703011519484e+21 19659108843010592768 120179458938135632 306659593512263 93561297803.7884 -1141400016.15341 -2309387.33142304 -2610.69911091104 -46.706332962075 -27.068995640956
"10" 0.00253533417039918 -0.0104754126333911 0.0173294810643495 0.47159678729611 14145522469627.7 -4097561707682.94 416824369350.885 -19873417880.2026 452657014.547315 -2908966.1071593 -43800.5328275372 -4535.25029885816 7.37042271451164 -37.1595642793714
"11" -0.00105827607646637 -0.00262670502622416 0.000503192218444483 -1.76724869144257 1.33020897763275e+23 1.25153958256636e+21 4675746823441768448 8676887381128607 7689110719263.77 1227491765.90265 -3271221.84028106 -2698.37027126195 -20.0579045402529 -23.2131689387706
"12" 0.000233905239022096 -0.0136445130991153 0.0161331356430436 0.0336151770411505 96300758007317 -23001780724203.6 2164740668518.72 -100198293575.659 2172377700.35397 -5962180.81154181 -635329.532234263 3249.72691543133 16.9553707459152 -38.2646658179971
"13" 0.0234779263316685 0.0105009868509052 0.0355277360389709 6.95234615778247 -2126815973983.36 887013124215.146 -148616960127.583 12612538857.6935 -539780971.809427 7592147.91901965 283885.008189257 -22423.1074521508 610.645476031771 -42.7726833121316
"14" -0.002120653754747 -0.0041612676802321 -6.39683510512608e-05 -2.8763733106857 -1.89976507266121e+22 -3.56120291336255e+20 -2830671005190934016 -12430142416412802 -32823082253591.6 -52849413840.8337 -49501234.1399391 -23036.2925249844 -28.1040294378585 -23.4206953297525
"15" -0.000112379181387347 -0.00418616466368715 0.0041442241176687 -0.0686576048509955 65955722524574859264 2093818231154270 -2018256738123735 -340639772127.259 14416580795.7288 3721607.4028655 -23564.1758616401 -774.792916008598 -26.818931247476 -26.853446072434
"16" -0.00283713607787116 -0.0054785273455396 -0.000100516593283165 -2.94472034632801 -6.77619120182516e+21 -1.6662064602678e+20 -1736637069649728768 -9996343602892662 -34594209729356.1 -73002661636.5019 -89650219.5165118 -54536.4603718479 -45.1883271630291 -23.8248711375205
"17" 0.00342414816543869 -0.00756594369959823 0.0174752809565934 0.703823926312876 6218954312800350 -375189901910764 8176030052831.81 -67193370604.4005 -139971782.136253 6120791.25180256 -32065.9107211329 -1891.07529057214 -20.9341887858478 -30.1442437300649
"18" 0.00927293748680534 -0.00255152918072241 0.0231884860880721 1.97384654706402 71656649195876216 -8458790157614351 413615386647223 -10822106494122.5 161911140632.208 -1335396060.7394 4650776.45266823 3369.76732916977 -27.634841560194 -36.7279461789275
"19" -0.00105827607646499 -0.00262670502622366 0.000503192218444926 -1.76724869143978 1.33020897079777e+23 1.25153957638205e+21 4675746801427731456 8676887342702765 7689110688180.04 1227491763.40339 -3271221.82588278 -2698.3702613206 -20.0579045379359 -23.2131689387705
"20" -0.00247581759935866 -0.00484837409940681 -5.26228890985915e-05 -2.86799455346013 -1.13590905800749e+22 -2.46055680884659e+20 -2256940194749728512 -11416120825165640 -34634782623459.6 -63798978090.7525 -67758782.4495555 -34658.8265122517 -34.4902359586276 -23.6228498137209
"21" 0.00428976669794232 -0.00707755069821326 0.0161863051587614 0.985206061481155 -962496966922526 163193460598572 -10959267207857.9 364567780024.539 -5775785980.89423 16845329.1671014 790533.972338588 -18385.6832587123 77.8339613013745 -38.1028226317155
"22" -0.00140920052348526 -0.00345510745308392 0.000655003713227686 -1.79461598799507 2.49291371148983e+22 2.98164035231928e+20 1403754175017465344 3242828553364311 3481607191062.1 412537817.585447 -2746128.08653702 -2757.39294056597 -26.7829381561635 -23.4173951228826
"23" -0.00105827607646499 -0.00262670502622366 0.000503192218444926 -1.76724869143978 1.33020897079777e+23 1.25153957638205e+21 4675746801427731456 8676887342702765 7689110688180.04 1227491763.40339 -3271221.82588278 -2698.3702613206 -20.0579045379359 -23.2131689387705
"24" -0.00105827607646499 -0.00262670502622366 0.000503192218444926 -1.76724869143978 1.33020897079777e+23 1.25153957638205e+21 4675746801427731456 8676887342702765 7689110688180.04 1227491763.40339 -3271221.82588278 -2698.3702613206 -20.0579045379359 -23.2131689387705
"25" -0.000406340555551668 -0.00307998054592712 0.00230920984416742 -0.377281036143567 -1.65431262255007e+22 -49374119910474883072 142568127379978064 431170485734317 -141419107585.193 -727153862.228763 -165762.090060682 -699.390033744601 -26.7054202150991 -26.4494483940675
"26" 0.0187773261968433 0.00752922299116382 0.0300252914346377 5.82333845730754 -38243404968351.8 12815940562500 -1746812527105.41 123340629091.964 -4639085164.70024 75997956.8881819 453748.014973186 -46522.5838401127 849.14180148415 -43.9414450473603
"27" -0.00105827607646637 -0.00262670502622416 0.000503192218444483 -1.76724869165556 1.33020897763275e+23 1.25153958256636e+21 4675746823441768448 8676887381128607 7689110719263.77 1227491765.90265 -3271221.84028106 -2698.37027126195 -20.0579045402529 -23.2131689387706
"28" 0.0191948537840946 0.0132604018028187 0.02062772742013 32.8315201100295 -65911714958178656256 6495529671971316736 -274782685305012160 6525193782225398 -95321482743198.6 880468651433.44 -5065359561.15511 17000798.0675105 -28010.0741764927 -25.8899720652726
"29" -0.002120653754747 -0.0041612676802321 -6.39683510512608e-05 -2.8763733106857 -1.89976507266121e+22 -3.56120291336255e+20 -2830671005190934016 -12430142416412802 -32823082253591.6 -52849413840.8337 -49501234.1399391 -23036.2925249844 -28.1040294378585 -23.4206953297525
"30" -0.00105827607646499 -0.00262670502622366 0.000503192218444926 -1.76724869143978 1.33020897079777e+23 1.25153957638205e+21 4675746801427731456 8676887342702765 7689110688180.04 1227491763.40339 -3271221.82588278 -2698.3702613206 -20.0579045379359 -23.2131689387705
"31" -0.00247581759935866 -0.00484837409940681 -5.26228890985915e-05 -2.86799455362238 -1.13590905800749e+22 -2.46055680884659e+20 -2256940194749728512 -11416120825165640 -34634782623459.6 -63798978090.7525 -67758782.4495555 -34658.8265122517 -34.4902359586276 -23.6228498137209
"32" -0.00105827607646499 -0.00262670502622366 0.000503192218444926 -1.76724869143978 1.33020897079777e+23 1.25153957638205e+21 4675746801427731456 8676887342702765 7689110688180.04 1227491763.40339 -3271221.82588278 -2698.3702613206 -20.0579045379359 -23.2131689387705
"33" 0.033874681712864 0.0198098142553557 0.0396047833114977 16.5034300759067 -87055135912559968 15937958072588376 -1241111211597808 53585149244132.5 -1398653307750.98 22484048293.7271 -215152795.743387 1080840.0447559 -1433.06580900387 -45.6610072191676
"34" -0.002120653754747 -0.0041612676802321 -6.39683510512608e-05 -2.8763733106857 -1.89976507266121e+22 -3.56120291336255e+20 -2830671005190934016 -12430142416412802 -32823082253591.6 -52849413840.8337 -49501234.1399391 -23036.2925249844 -28.1040294378585 -23.4206953297525
"35" -0.002120653754747 -0.0041612676802321 -6.39683510512608e-05 -2.8763733106857 -1.89976507266121e+22 -3.56120291336255e+20 -2830671005190934016 -12430142416412802 -32823082253591.6 -52849413840.8337 -49501234.1399391 -23036.2925249844 -28.1040294378585 -23.4206953297525
"36" -0.00247581759935866 -0.00484837409940681 -5.26228890985915e-05 -2.86799455346013 -1.13590905800749e+22 -2.46055680884659e+20 -2256940194749728512 -11416120825165640 -34634782623459.6 -63798978090.7525 -67758782.4495555 -34658.8265122517 -34.4902359586276 -23.6228498137209
"37" -0.002120653754747 -0.0041612676802321 -6.39683510512608e-05 -2.8763733106857 -1.89976507266121e+22 -3.56120291336255e+20 -2830671005190934016 -12430142416412802 -32823082253591.6 -52849413840.8337 -49501234.1399391 -23036.2925249844 -28.1040294378585 -23.4206953297525
"38" -0.001500275661445 -0.00452204445776805 0.0016315728030191 -1.24679309700824 3.29305949034992e+21 39969709455695249408 161959613551791904 174860258935146 -458477590645.054 -1384048046.92662 -1129846.63629619 -932.595102178539 -33.1697213296549 -26.6582479576243
"39" -0.00140920052348526 -0.00345510745308392 0.000655003713227686 -1.79461598799507 2.49291371148983e+22 2.98164035231928e+20 1403754175017465344 3242828553364311 3481607191062.1 412537817.585447 -2746128.08653702 -2757.39294056597 -26.7829381561635 -23.4173951228826
"40" -0.002120653754747 -0.0041612676802321 -6.39683510512608e-05 -2.8763733106857 -1.89976507266121e+22 -3.56120291336255e+20 -2830671005190934016 -12430142416412802 -32823082253591.6 -52849413840.8337 -49501234.1399391 -23036.2925249844 -28.1040294378585 -23.4206953297525
"41" -0.00105827607646637 -0.00262670502622416 0.000503192218444483 -1.76724869165556 1.33020897763275e+23 1.25153958256636e+21 4675746823441768448 8676887381128607 7689110719263.77 1227491765.90265 -3271221.84028106 -2698.37027126195 -20.0579045402529 -23.2131689387706
"42" 0.00175988181506125 -0.00577069188032616 0.0113075248624766 0.517720509614674 6011054599249012736 -199100876413616128 2080683601694604 -3270475923522.55 -75589642562.6507 471420854.231589 -721343.975376642 -4404.27899035034 -22.3462377865346 -33.9517951675949
"43" -0.002120653754747 -0.0041612676802321 -6.39683510512608e-05 -2.8763733106857 -1.89976507266121e+22 -3.56120291336255e+20 -2830671005190934016 -12430142416412802 -32823082253591.6 -52849413840.8337 -49501234.1399391 -23036.2925249844 -28.1040294378585 -23.4206953297525
"44" -0.002120653754747 -0.0041612676802321 -6.39683510512608e-05 -2.8763733106857 -1.89976507266121e+22 -3.56120291336255e+20 -2830671005190934016 -12430142416412802 -32823082253591.6 -52849413840.8337 -49501234.1399391 -23036.2925249844 -28.1040294378585 -23.4206953297525
"45" 0.0106497629916321 0.00239737374561274 0.0177326909985161 4.17490743340343 -29904470697016811520 2588988667298216960 -95936561660650032 1985742124437968 -25081088078374.4 197647507556.345 -947423713.286507 2519638.90627351 -2784.00254503869 -37.4963361797453
"46" -0.00160859418192981 -0.0198044249463726 0.0179521098949884 -0.230036535871167 -863128489155.406 206939548235.285 -18705594108.0286 748797706.891299 -10635227.0805105 16642.9797107481 13896.599714475 -3273.9267012309 -22.2597690986044 -32.6739598496895
"47" 0.00181774648747652 -0.00913004371750037 0.0171778399231768 0.351980624380129 12323679007047058 -754972078347275 15930328302889.8 -101370457083.873 -950611323.382001 17180854.361568 -70150.9798160241 -2053.16107469765 -34.7510023150509 -29.475213461261
"48" -0.00105827607646499 -0.00262670502622366 0.000503192218444926 -1.76724869143978 1.33020897079777e+23 1.25153957638205e+21 4675746801427731456 8676887342702765 7689110688180.04 1227491763.40339 -3271221.82588278 -2698.3702613206 -20.0579045379359 -23.2131689387705
"49" -0.00283713607787116 -0.0054785273455396 -0.000100516593283165 -2.94472034632801 -6.77619120182516e+21 -1.6662064602678e+20 -1736637069649728768 -9996343602892662 -34594209729356.1 -73002661636.5019 -89650219.5165118 -54536.4603718479 -45.1883271630291 -23.8248711375205
"50" -0.0015974536691831 -0.00387284061053642 0.000726830134098155 -1.82051485582718 1.27165636190491e+22 1.76921976691341e+20 977986378303118080 2685869249362621 3521182075059.42 833185046.015682 -3246546.87899547 -3953.46806760549 -33.8952487318743 -23.6241142365133
"51" -0.00105827607646637 -0.00262670502622416 0.000503192218444483 -1.76724869144257 1.33020897763275e+23 1.25153958256636e+21 4675746823441768448 8676887381128607 7689110719263.77 1227491765.90265 -3271221.84028106 -2698.37027126195 -20.0579045402529 -23.2131689387706
"52" 0.0135796755227118 0.00200167447115583 0.0240516753299812 3.83932446590149 2098457461806.06 -670500610119.059 83664265522.9617 -5055465509.07937 139585259.930035 -155562.517618477 -54655.3396700106 -10644.9862076271 305.384424094971 -40.9918820805045
"53" 0.00359161218927414 -0.0056165927168504 0.0142159668322053 0.921656074165009 140134278656673984 -6311565941512132 101587747754102 -598569654804.814 -1222433703.73134 30882268.9936155 -123877.540804304 -863.615860147291 -19.9564223913017 -27.3522293200664
"54" -0.00247581759935866 -0.00484837409940681 -5.26228890985915e-05 -2.86799455362238 -1.13590905800749e+22 -2.46055680884659e+20 -2256940194749728512 -11416120825165640 -34634782623459.6 -63798978090.7525 -67758782.4495555 -34658.8265122517 -34.4902359586276 -23.6228498137209
"55" -0.00105827607646499 -0.00262670502622366 0.000503192218444926 -1.76724869143978 1.33020897079777e+23 1.25153957638205e+21 4675746801427731456 8676887342702765 7689110688180.04 1227491763.40339 -3271221.82588278 -2698.3702613206 -20.0579045379359 -23.2131689387705
"56" -0.002120653754747 -0.0041612676802321 -6.39683510512608e-05 -2.8763733106857 -1.89976507266121e+22 -3.56120291336255e+20 -2830671005190934016 -12430142416412802 -32823082253591.6 -52849413840.8337 -49501234.1399391 -23036.2925249844 -28.1040294378585 -23.4206953297525
"57" 0.0062017619926163 0.00426499790856736 0.00795321788181121 15.8411477432057 466928860698432 -190150822400784 33154768155473.2 -3233371087753.88 192934386496.731 -7215978897.2838 165620381.023693 -2170752.78430715 13239.4478517251 -69.0437489731899
"58" -0.00105827607646499 -0.00262670502622366 0.000503192218444926 -1.76724869143978 1.33020897079777e+23 1.25153957638205e+21 4675746801427731456 8676887342702765 7689110688180.04 1227491763.40339 -3271221.82588278 -2698.3702613206 -20.0579045379359 -23.2131689387705
"59" -0.00105827607646637 -0.00262670502622416 0.000503192218444483 -1.76724869144257 1.33020897763275e+23 1.25153958256636e+21 4675746823441768448 8676887381128607 7689110719263.77 1227491765.90265 -3271221.84028106 -2698.37027126195 -20.0579045402529 -23.2131689387706
"60" 0.000727483023064958 -0.00615176695669355 0.00853625715905157 0.246148545124689 -1466892019822327040 21621953519373564 -3384814126344.86 -1077395330429.72 3890578516.73052 4756529.23724779 -36003.0986122352 -919.965741985995 -33.4922860699827 -27.4092254857966
"61" 0.0366794813298914 0.0351370996745298 0.0378143752603038 132.884522688953 -143617105953392976 21991594083886376 -1394979346392749 47336743763420.6 -917786382267.512 9794679711.96524 -43833938.2395818 -115724.575431141 1958.18033282054 -44.2961588566679
"62" -0.00105827607646499 -0.00262670502622366 0.000503192218444926 -1.76724869143978 1.33020897079777e+23 1.25153957638205e+21 4675746801427731456 8676887342702765 7689110688180.04 1227491763.40339 -3271221.82588278 -2698.3702613206 -20.0579045379359 -23.2131689387705
"63" -0.00140920052348526 -0.00345510745308392 0.000655003713227686 -1.79461598799507 2.49291371148983e+22 2.98164035231928e+20 1403754175017465344 3242828553364311 3481607191062.1 412537817.585447 -2746128.08653702 -2757.39294056597 -26.7829381561635 -23.4173951228826
"64" 0.00788070365755329 1.84424335043041e-06 0.0158322482554094 2.51489645380765 98066570778805764096 -7829341233919824896 265475735234824128 -4977361883797417 56147652220554.7 -386695224619.779 1556973918.57208 -3163928.82325286 1834.11145566345 -36.6464629170119
"65" -0.00140920052348526 -0.00345510745308392 0.000655003713227686 -1.79461598799507 2.49291371148983e+22 2.98164035231928e+20 1403754175017465344 3242828553364311 3481607191062.1 412537817.585447 -2746128.08653702 -2757.39294056597 -26.7829381561635 -23.4173951228826
"66" -0.00105827607646499 -0.00262670502622366 0.000503192218444926 -1.76724869143978 1.33020897079777e+23 1.25153957638205e+21 4675746801427731456 8676887342702765 7689110688180.04 1227491763.40339 -3271221.82588278 -2698.3702613206 -20.0579045379359 -23.2131689387705
"67" -0.002120653754747 -0.0041612676802321 -6.39683510512608e-05 -2.8763733106857 -1.89976507266121e+22 -3.56120291336255e+20 -2830671005190934016 -12430142416412802 -32823082253591.6 -52849413840.8337 -49501234.1399391 -23036.2925249844 -28.1040294378585 -23.4206953297525
"68" 0.00538682965660767 -0.00133639592881067 0.012233749143042 2.15431475738328 -52422486540111601664 2624330910885867520 -54103900330702744 590808024463677 -3612031326976.65 11479168010.0409 -10448657.0451326 -43555.4745107351 133.152465339956 -36.4047924476628
"69" 0.00239827085793897 -0.00348290918246286 0.00882528000133506 0.994338176324124 -24283252925980827648 607429486281376256 -5118304420871441 12342025762757.8 51252964904.9991 -336671052.074055 579026.03587646 -2563.46057548322 -21.1670764846246 -32.8677530125853
"70" -0.00140920052348526 -0.00345510745308392 0.000655003713227686 -1.79461598799507 2.49291371148983e+22 2.98164035231928e+20 1403754175017465344 3242828553364311 3481607191062.1 412537817.585447 -2746128.08653702 -2757.39294056597 -26.7829381561635 -23.4173951228826
"71" -0.00247581759935866 -0.00484837409940681 -5.26228890985915e-05 -2.86799455362238 -1.13590905800749e+22 -2.46055680884659e+20 -2256940194749728512 -11416120825165640 -34634782623459.6 -63798978090.7525 -67758782.4495555 -34658.8265122517 -34.4902359586276 -23.6228498137209
"72" -0.00105827607646499 -0.00262670502622366 0.000503192218444926 -1.76724869143978 1.33020897079777e+23 1.25153957638205e+21 4675746801427731456 8676887342702765 7689110688180.04 1227491763.40339 -3271221.82588278 -2698.3702613206 -20.0579045379359 -23.2131689387705
"73" 0.000143452035940742 -0.00185058069229627 0.00200687020228724 0.10285683599545 52639753617683080 -10002866534212828 801763328519181 -35243988401276.5 921289367766.011 -14398049496.6422 125182168.957812 -459882.770574326 -499.663617725316 -35.9143958360172
"74" -0.002120653754747 -0.0041612676802321 -6.39683510512608e-05 -2.8763733106857 -1.89976507266121e+22 -3.56120291336255e+20 -2830671005190934016 -12430142416412802 -32823082253591.6 -52849413840.8337 -49501234.1399391 -23036.2925249844 -28.1040294378585 -23.4206953297525
"75" -0.00105827607646637 -0.00262670502622416 0.000503192218444483 -1.76724869144257 1.33020897763275e+23 1.25153958256636e+21 4675746823441768448 8676887381128607 7689110719263.77 1227491765.90265 -3271221.84028106 -2698.37027126195 -20.0579045402529 -23.2131689387706
"76" -0.00489731490757306 -0.00708096803537452 -0.00323053994190474 -2.98531533009998 9534928697793934 -1855883477865630 147558871578309 -6141432958080.27 140097376389.079 -1563407700.92114 2101633.69831612 119436.239945277 -836.380646936885 -37.9553098834446
"77" -0.00140920052348526 -0.00345510745308392 0.000655003713227686 -1.79461598799507 2.49291371148983e+22 2.98164035231928e+20 1403754175017465344 3242828553364311 3481607191062.1 412537817.585447 -2746128.08653702 -2757.39294056597 -26.7829381561635 -23.4173951228826
"78" -0.00247581759935866 -0.00484837409940681 -5.26228890985915e-05 -2.86799455362238 -1.13590905800749e+22 -2.46055680884659e+20 -2256940194749728512 -11416120825165640 -34634782623459.6 -63798978090.7525 -67758782.4495555 -34658.8265122517 -34.4902359586276 -23.6228498137209
"79" 0.0263320825073292 0.0139256262668763 0.0328037935145178 11.7155980343088 -109543754150166816 14928212143639152 -844617742131361 25563658835220.6 -440155734810.981 4105438977.40511 -14696284.0124295 -65124.8484014596 1032.12797426569 -42.9330378606961
"80" -0.00105827607646499 -0.00262670502622366 0.000503192218444926 -1.76724869143978 1.33020897079777e+23 1.25153957638205e+21 4675746801427731456 8676887342702765 7689110688180.04 1227491763.40339 -3271221.82588278 -2698.3702613206 -20.0579045379359 -23.2131689387705
"81" -0.00105827607646499 -0.00262670502622366 0.000503192218444926 -1.76724869143978 1.33020897079777e+23 1.25153957638205e+21 4675746801427731456 8676887342702765 7689110688180.04 1227491763.40339 -3271221.82588278 -2698.3702613206 -20.0579045379359 -23.2131689387705
"82" -0.00105827607646637 -0.00262670502622416 0.000503192218444483 -1.76724869144257 1.33020897763275e+23 1.25153958256636e+21 4675746823441768448 8676887381128607 7689110719263.77 1227491765.90265 -3271221.84028106 -2698.37027126195 -20.0579045402529 -23.2131689387706
"83" -0.00105827607646637 -0.00262670502622416 0.000503192218444483 -1.76724869144257 1.33020897763275e+23 1.25153958256636e+21 4675746823441768448 8676887381128607 7689110719263.77 1227491765.90265 -3271221.84028106 -2698.37027126195 -20.0579045402529 -23.2131689387706
"84" -0.00105827607646637 -0.00262670502622416 0.000503192218444483 -1.76724869144257 1.33020897763275e+23 1.25153958256636e+21 4675746823441768448 8676887381128607 7689110719263.77 1227491765.90265 -3271221.84028106 -2698.37027126195 -20.0579045402529 -23.2131689387706
"85" -0.00105827607646637 -0.00262670502622416 0.000503192218444483 -1.76724869144257 1.33020897763275e+23 1.25153958256636e+21 4675746823441768448 8676887381128607 7689110719263.77 1227491765.90265 -3271221.84028106 -2698.37027126195 -20.0579045402529 -23.2131689387706
"86" -0.00105827607646499 -0.00262670502622366 0.000503192218444926 -1.76724869143978 1.33020897079777e+23 1.25153957638205e+21 4675746801427731456 8676887342702765 7689110688180.04 1227491763.40339 -3271221.82588278 -2698.3702613206 -20.0579045379359 -23.2131689387705
"87" 0.0102857577132859 0.00104673133325771 0.0201085139438597 3.23016584214944 -38600827768355.3 12125658335640.3 -1527626785563.55 97395283768.5503 -3129913873.72211 32628299.5528512 879483.5108156 -39837.0290830066 471.023752683632 -40.4351768153022
"88" 0.00238810335092909 -0.00424973281446894 0.00955875692461164 0.874263588519306 754553980511620224 -19182198797589088 154748290429532 -209925345773.031 -3097518122.72982 15535745.8252264 -19164.219746322 -862.001891782389 -20.0704417529961 -26.9961035570589
"89" -0.00850279215416053 -0.00859285103753537 -0.00760444446635445 -83.6039242702195 8009054520891029 -1600138509475449 128561316088915 -5259721165090.12 110469194886.18 -843938992.441226 -9243959.28286948 217976.460505148 -1289.99770621755 -36.8560274260602
"90" 0.000326496204800109 -0.00361534282033228 0.00444141708657406 0.200900882496436 -68917874791180353536 827275055773776640 -680099231527115 -16957231868600.3 34799744066.4912 61967554.3124207 -137192.167741319 -1053.98192106502 -26.9433162472886 -26.7862508743902
"91" -0.00105827607646637 -0.00262670502622416 0.000503192218444483 -1.76724869144257 1.33020897763275e+23 1.25153958256636e+21 4675746823441768448 8676887381128607 7689110719263.77 1227491765.90265 -3271221.84028106 -2698.37027126195 -20.0579045402529 -23.2131689387706
"92" -0.00140920052348526 -0.00345510745308392 0.000655003713227686 -1.79461598799507 2.49291371148983e+22 2.98164035231928e+20 1403754175017465344 3242828553364311 3481607191062.1 412537817.585447 -2746128.08653702 -2757.39294056597 -26.7829381561635 -23.4173951228826
"93" -0.00105827607646637 -0.00262670502622416 0.000503192218444483 -1.76724869144257 1.33020897763275e+23 1.25153958256636e+21 4675746823441768448 8676887381128607 7689110719263.77 1227491765.90265 -3271221.84028106 -2698.37027126195 -20.0579045402529 -23.2131689387706
"94" 0.00286277574359031 0.00224501263553769 0.0035144476701892 4.23728734664126 2.4028695289729e+22 -1.63839999460152e+21 48577330765652688896 -820772224597145344 8690882179731345 -59627026420072.2 263920400211.001 -722031345.03748 1096954.77119022 -731.172960120123
"95" -0.000907969320855121 -0.00348868769628002 0.00172609481717825 -0.879266662983611 -3.75670032929403e+22 -2.93191935107013e+20 -580312372055055360 623678293408538 3263244810459.39 2999443847.63456 -659436.160452144 -3234.72734379029 -34.5746018283911 -26.5424961682415
"96" -0.00105827607646499 -0.00262670502622366 0.000503192218444926 -1.76724869143978 1.33020897079777e+23 1.25153957638205e+21 4675746801427731456 8676887342702765 7689110688180.04 1227491763.40339 -3271221.82588278 -2698.3702613206 -20.0579045379359 -23.2131689387705
"97" -0.00105827607646499 -0.00262670502622366 0.000503192218444926 -1.76724869143978 1.33020897079777e+23 1.25153957638205e+21 4675746801427731456 8676887342702765 7689110688180.04 1227491763.40339 -3271221.82588278 -2698.3702613206 -20.0579045379359 -23.2131689387705
"98" -0.00105827607646499 -0.00262670502622366 0.000503192218444926 -1.76724869143978 1.33020897079777e+23 1.25153957638205e+21 4675746801427731456 8676887342702765 7689110688180.04 1227491763.40339 -3271221.82588278 -2698.3702613206 -20.0579045379359 -23.2131689387705
"99" -0.00140920052348526 -0.00345510745308392 0.000655003713227686 -1.79461598799507 2.49291371148983e+22 2.98164035231928e+20 1403754175017465344 3242828553364311 3481607191062.1 412537817.585447 -2746128.08653702 -2757.39294056597 -26.7829381561635 -23.4173951228826
"100" -0.002120653754747 -0.0041612676802321 -6.39683510512608e-05 -2.8763733106857 -1.89976507266121e+22 -3.56120291336255e+20 -2830671005190934016 -12430142416412802 -32823082253591.6 -52849413840.8337 -49501234.1399391 -23036.2925249844 -28.1040294378585 -23.4206953297525
